I[0]=0.182322
I[1]=0.088392
I[2]=0.058039
I[3]=0.043139
I[4]=0.034306
I[5]=0.028468
I[6]=0.024325
I[7]=0.021233
I[8]=0.018837
I[9]=0.016926
I[10]=0.015368
I[11]=0.014071
I[12]=0.012977
I[13]=0.012040
I[14]=0.011229
I[15]=0.010522
I[16]=0.009890
I[17]=0.009372
I[18]=0.008696
I[19]=0.009151
I[20]=0.004243